75 5
258 4
533 5
759 3
986 3
1568 2
2210 1
2485 2
2669 3
2944 4
3127 5
3494 3
4045 2
4412 3
4687 2
4962 1
5237 3
5417 3
5869 5
6052 4
6327 3
6511 3
6786 4
7520 2
7703 2
7979 1
8162 3
8346 3
8529 5
9355 3
9538 3
9722 2
9903 3
10172 2
10445 3
11087 2
11362 4
11729 5
12096 3
12279 2
12555 3
12922 2
13103 3
13372 2
13553 3
13828 4
14562 5
14837 3
15296 2
15475 2
15654 3
15927 2
16570 3
16845 4
17120 5
17303 5
17487 4
17762 2
18221 1
18496 2
18679 3
18955 2
19134 3
19403 4
19861 5
20045 4
20320 5
20503 3
20779 2
21146 1
21421 3
21696 4
21879 3
22155 4
22338 3
22793 4
22972 5
23245 3
23520 2
23703 1
23887 1
24437 3
24617 4
24796 3
25069 4
25252 3
25527 4
25986 3
26170 3
26445 1
26628 1
26903 2
27362 4
27637 3
27821 4
28096 3
28279 4
28463 4
29193 2
29461 1
29645 2
29920 3
30103 4
30287 4
30746 3
31021 4
31296 3
31475 3
31744 2
31927 2
32386 1
32570 2
32753 3
33028 4
33212 5
33762 3
33946 3
34221 2
34496 3
34675 2
34854 2
35403 1
35586 3
35861 4
36045 5
36228 4
36499 3
36860 4
37135 3
37410 2
37594 2
37869 1
38052 2
38511 3
38786 5
39061 4
39245 4
39520 3
39979 2
40247 3
40427 2
40610 1
40885 2
41069 2
41527 5
41803 4
41986 4
42261 3
42445 3
42720 2
43179 3
43358 2
43537 2
43902 3
44269 5
44727 4
45003 3
45182 2
45361 3
45634 2
45818 3
46276 2
46551 3
46735 3
47010 4
47194 5
47469 5
47834 3
48102 2
48375 1
48559 3
48834 2
49018 3
49476 2
49660 3
49843 4
50027 5
50206 5
50658 3
50842 2
51117 3
51300 2
51575 3
51759 3
52309 4
52493 3
52768 5
52951 5
53135 5
53316 3
53858 2
54042 1
54317 3
54500 3
54775 2
55051 3
55409 4
55682 5
55866 5
56141 3
56324 3
57054 2
57323 3
57690 4
57965 3
58240 4
58423 4
58790 3
59066 2
59337 1
59605 1
59789 1
60064 3
60706 2
60890 3
61165 4
61348 4
61623 3
61807 3
62257 1
62530 2
62714 2
62989 3
63172 3
63723 4
63906 3
64181 4
64361 4
64540 4
64813 2
65271 1
65547 2
65730 3
65914 3
66189 4
66372 3
66822 4
67004 3
67279 4
67829 1
68013 1
68196 1
68646 4
68919 3
69103 4
69378 3
69562 3
70020 2
70295 3
70571 2
70750 2
70929 1
71202 3
71661 4
71844 5
72119 3
72395 4
72578 3
73033 2
73485 1
73760 2
74219 4
74677 5
74857 4
75125 3
75492 2
75676 3
75951 2
76134 3
76501 1
76949 3
77133 4
77316 5
77500 5
77775 4
78050 3
78509 4
78784 3
78967 3
79243 2
79422 2
79601 2
80149 5
80516 4
80791 3
81067 2
81250 3
81984 2
